time,x,y,z,phi,theta,psi,x_velocity,y_velocity,z_velocity,phi_velocity,theta_velocity,psi_velocity,rotor_speed1,rotor_speed2,rotor_speed3,rotor_speed4
0.06,-6.60572300594448e-06,8.631601871336257e-06,10.001088855465502,0.002759046596083614,0.002140875922821195,0.0,-0.0004046107231794638,0.0005273658949281759,0.03629400059497555,0.01703531232514501,0.014873149951134288,0.0,414.72991168798643,416.0338953872918,416.26727802329043,417.75499869110786
0.12000000000000001,-0.00010018963978632509,0.0001291091309331485,10.004278906020687,0.013002422845244332,0.010138938749922666,0.0,-0.0034802881353007205,0.004464694458259088,0.07002928885452192,-0.017451164258928176,-0.015552169008045617,0.0,415.81117284468314,413.1376610877682,417.73946511318945,414.72189267378326
0.18,-0.0005274061311726471,0.0006775782551602469,10.012727910748522,0.011954360629946592,0.009239473066881665,0.0,-0.010661572702303074,0.013704079278204856,0.2115901668044853,-0.017501850695256276,-0.01441130216950045,0.0,449.8552012036876,449.9476608050918,449.9703696267235,449.96634441520735
0.23999999999999996,-0.0013698089116904516,0.0017461054282956183,10.028641963808388,0.01102125049682634,0.011445739221904283,0.0,-0.01766686150418957,0.021822238723079482,0.318852243516628,-0.022636410965025475,-0.03484555570855329,0.0,439.9832621005786,438.2884722867138,439.64790792073484,439.22239109697017
0.3,-0.0026970227598766237,0.003299022985131703,10.052732784533385,0.00966528346481077,0.01377372653675657,0.0,-0.026808616493086423,0.029789441296298545,0.48411765891812064,-0.022530234661196875,-0.012987343203844998,0.0,455.5841154992706,457.3279848614228,458.1377484250966,458.1461735040089
0.36000000000000004,-0.004631469702157596,0.0052915731610360395,10.085501726329204,0.00947254405709419,0.021180882857183114,0.0,-0.038488542018979346,0.03659655854791685,0.6081087406398762,-0.011875798944104274,-0.04555315069196743,0.0,446.7378087263855,444.0747296150725,443.6595955875272,444.53342424071064
0.4200000000000001,-0.007471625670829367,0.00775903855990857,10.129995551398927,0.015940403565957162,0.018482605231685767,0.0,-0.05583669997728556,0.04643425726836908,0.8748504222339095,0.01630261689887227,-0.04438064168040799,0.0,488.2753899687119,488.36186163802677,485.47820869260556,487.5876456667915
0.48000000000000015,-0.011203583427014328,0.01087771876599973,10.185425891364211,0.016999003750856723,0.01901200493343147,0.0,-0.06859579542799515,0.05763260079571935,0.9727460231901875,0.01177192995664659,-0.025971939218794586,0.0,436.31747634096683,437.85070465831814,437.2888427173584,436.9112154542013
0.5400000000000001,-0.01581205710033329,0.014791055708745237,10.252172066480506,0.01939933667358318,0.018649856725389213,0.0,-0.08495477855381063,0.07313562347481976,1.2518577416113588,-0.0037361462650730374,-0.01513123979427924,0.0,490.7622812524305,491.56618969038874,492.41013605468214,491.26161365900765
0.6000000000000002,-0.021400396273204312,0.019685657370282383,10.33560692034639,0.019761145831069804,0.020193061583041683,0.0,-0.10149456655262513,0.0900698273429681,1.5289698321884493,-0.0134070832790478,0.0008609044638235794,0.0,491.5858644311499,492.76945265208957,491.20101991047017,490.48349795163546
0.6600000000000003,-0.028045221567493245,0.025602118243018675,10.435478143580836,0.020528090532621945,0.026838767941077535,0.0,-0.12087445439761485,0.10721872732509481,1.7996614485852085,-0.0008228634759902369,-0.028494474101822848,0.0,490.6250725306898,488.44096774219076,490.8037416364295,491.7368716073556
0.7200000000000003,-0.03589570599527543,0.03250058535261854,10.548142786420978,0.021947023516072584,0.026507362705051385,0.0,-0.14075258608795935,0.12289707482732572,1.9555689365873208,-0.015350862462656283,-0.01677823438383385,0.0,457.95882594485283,458.88966401901524,457.2450711465467,456.0863810611741
0.7800000000000004,-0.04497015208608026,0.04039903819176454,10.671543942156742,0.02264284108607395,0.026277774933649134,0.0,-0.16170591472830992,0.14047557837925004,2.1574402416321616,-0.03053179194483601,-0.027709331263143115,0.0,472.48503807667134,471.64163056594765,472.24316794657693,471.0708247463507
0.8400000000000004,-0.05521897475924918,0.049334480081993225,10.804344994616125,0.030146362141217686,0.02462236085883518,0.0,-0.17974464212939453,0.1581818626191627,2.269027418826813,-0.06522368731091713,-0.027393607553397335,0.0,445.46905763142036,445.4946848570506,446.3628746015779,443.52177086053916
0.9000000000000005,-0.06657627173974741,0.059507158898142856,10.945691826643117,0.028151205498969212,0.027002036416085673,0.0,-0.19906857399237812,0.18068937727736242,2.4421769609426156,-0.08164360029362848,-0.0065883319432241865,0.0,464.0855331592591,465.71564543042484,464.8560518047857,463.5640132373944
0.9600000000000005,-0.07904206459687851,0.0708763649865035,11.09389182997241,0.02360378479302927,0.02660751592995858,0.0,-0.21642020534262596,0.19785317744884925,2.4977147347366135,-0.08944599930562643,-0.00902665160397247,0.0,429.5831401938609,429.3764462105651,428.0614235162442,427.3908355958441
1.0200000000000005,-0.09265214786425695,0.08327433173771029,11.249083859413213,0.020291261303939656,0.029745769231631414,0.0,-0.23757229385194478,0.21500966465281451,2.6749522305157547,-0.07490011140675278,0.010821490507742792,0.0,467.17266969111756,468.7177189277961,464.96802372877744,466.10064009081356
1.0800000000000005,-0.1075245898961235,0.09657286404247237,11.412425522135925,0.015785466355850097,0.031370373566000254,0.0,-0.25834645457020017,0.22781413070631917,2.7695472061757815,-0.07626342554964816,-0.0012632313897475728,0.0,442.7197520319639,441.7242205682412,442.3026627824062,442.18587676976523
1.1400000000000006,-0.12357901133263254,0.11050872940414497,11.578481175372783,0.01292512227127851,0.031806691883566884,0.0,-0.27684812099988393,0.23647942873283334,2.765651988399316,-0.09186173264035806,-0.010393725684094433,0.0,411.15275544625047,410.3430906547037,410.96893444392396,409.5780044543802
1.2000000000000006,-0.14113062770723311,0.12506086778289724,11.756020776427329,0.010796448171266348,0.033582455467615624,0.0,-0.30840849368339324,0.24824426099727442,3.1513471487947844,-0.07287798889984261,0.005417093368001046,0.0,525.7788130808391,526.8731209477542,526.0029590968528,527.3111607879214
1.2600000000000007,-0.16029976337439816,0.1401410560178975,11.946150663901495,0.006673812722275407,0.044072169447221476,0.0,-0.33149577670286723,0.2540408738293199,3.1861823553330706,-0.0684707251613883,0.03916275780070762,0.0,425.12967326179245,428.0114736562349,424.6221743010145,424.99592274674745
1.3200000000000007,-0.18119823598835408,0.15550457060018646,12.140446540596423,0.002610407922470692,0.06682478162716787,0.0,-0.3674866570285643,0.2576595501131202,3.2899179429540526,-0.07228297778217098,-0.01153259669981474,0.0,449.11037018517527,444.97967003887373,449.26442337911885,448.95156156166456
1.3800000000000008,-0.20483381660267483,0.17100948693341064,12.342948347566747,8.817945044192754e-05,0.08216731924541865,0.0,-0.4220039014340896,0.2588703727998741,3.45950886788859,-0.058677608930590014,0.031148849540148148,0.0,467.0530766618267,470.3702054993858,468.8816397961594,469.9342660045579
1.4400000000000008,-0.23131855160001674,0.18653138884058482,12.546931297380484,6.279827343875668,0.08402777615528123,0.0,-0.46098184704583867,0.25828828773938833,3.3402605772149827,-0.06310016363430215,0.030599450550240076,0.0,374.7785122819639,374.72562718127523,374.50817696800965,374.07442653835056
1.5000000000000009,-0.26054600097450686,0.20195127313801273,12.74810342990578,6.276076163985813,0.0890210295267444,0.0,-0.5136989835186961,0.2553695398598228,3.3653510867087446,-0.06667131310412633,0.04890092239936527,0.0,423.401198673569,424.9736097661572,424.71017872080773,424.40052101784096
1.560000000000001,-0.2932355773283838,0.2171147212542136,12.953049310397025,6.273613259994232,0.09382551598120692,0.0,-0.5764349645323635,0.24984505120877767,3.4658119501172973,-0.08150721671231281,0.03267097384629973,0.0,449.6170366774509,448.30121336940175,449.33966856957835,448.13138886432756
1.620000000000001,-0.33007074913276035,0.2318577557868414,13.167058738490384,6.269484106571376,0.09724402124833453,0.0,-0.6517331725210449,0.24112548469593797,3.6671473189351587,-0.0923407501819226,0.04475348854315439,0.0,480.0959964712556,481.01241447750454,479.9547057049334,479.1263679705239
1.680000000000001,-0.37128612375648873,0.24601435523287507,13.390632890112588,6.265357185238489,0.10759171827091851,0.0,-0.7231260505742435,0.23032402136705424,3.7847985659159598,-0.0804621562975388,0.0739001559492909,0.0,455.7970674618924,458.12258344672006,455.4411333879404,456.3839749981385
1.740000000000001,-0.4169458250875214,0.25944217639252765,13.620808779509202,6.260699021869122,0.11421438434276165,0.0,-0.7995236629478445,0.21679751496012592,3.8872690640339274,-0.07699476750656352,0.05644921549033011,0.0,453.4839155716628,452.0833074259115,452.75994156509654,453.03393150980065
1.8000000000000012,-0.4668905920411105,0.27204872017591103,13.853425329880372,6.256103222428191,0.11811024032523232,0.0,-0.8656500954095091,0.2030361453250683,3.8666094666238893,-0.080270719022232,0.047342635790838215,0.0,414.2196925231791,413.42012399927233,414.03407716294987,413.74037908257685
1.8600000000000012,-0.5210556720434674,0.2837221846517517,14.086272100915187,6.254716469768262,0.12477381403390364,0.0,-0.9404342251402016,0.1859796990511915,3.8947379244314835,-0.10179318018000412,0.06759465551384053,0.0,429.3162688228519,431.03340857823406,431.0704620904756,429.24108209686443
1.9200000000000013,-0.579669029427057,0.29437998038887175,14.319416211250006,6.251260326757041,0.13475966278206375,0.0,-1.014175985165136,0.16900765515857316,3.876632587031923,-0.12087166675146828,0.09309739174816223,0.0,414.4786133344867,416.7191663589546,415.7921078508701,414.1058931245553
1.9800000000000013,-0.6440342086720056,0.30368111983620794,14.55996828418152,6.24779461745219,0.14087092268158052,0.0,-1.1319887522032566,0.14060445559971424,4.140655803232027,-0.10072216735076166,0.08386618423248135,0.0,501.90254548791614,501.23786388284543,502.24020322281257,503.6896008353948
2.0400000000000014,-0.7146312932341317,0.3114335603534911,14.809392668514345,6.241947984372537,0.14660417641565004,0.0,-1.2217560616206733,0.11727778779058694,4.173218027285664,-0.09691828984533869,0.0919174081812599,0.0,434.6791973432659,435.3598098072037,434.3121074970688,434.62229969296743
2.1000000000000014,-0.7905884311351242,0.3177198213082863,15.059774236252801,6.2361313521247475,0.1554091379986966,0.0,-1.31090267346502,0.09176746256637368,4.17263175558117,-0.0992402148567376,0.11062234265080151,0.0,423.76046108958974,425.37425670737036,424.4842684651539,424.2762732948354
2.1600000000000015,-0.8726988762219061,0.3221789348817634,15.314219828910554,6.231437192171267,0.1620419533726274,0.0,-1.4267475310284312,0.056389566173557434,4.308155034479793,-0.08808477767694502,0.11036962201953517,0.0,468.4481372887381,468.43860513240867,467.3970183387391,468.2584181526919
2.2200000000000015,-0.9619995888808207,0.32441760033637207,15.577233088930674,6.232711513533928,0.17197140761785334,0.0,-1.5509524207943075,0.018454026000592982,4.458078102774841,-0.11736688803058438,0.08921114229473874,0.0,474.7604859967473,473.14273738755077,475.20229713544137,472.9445038390682
2.2800000000000016,-1.059308814983209,0.3242779214853464,15.85116562768299,6.226885813081612,0.17976541432825055,0.0,-1.6934438200242092,-0.023754646731626437,4.671819178918753,-0.10642681038453851,0.10516869298476379,0.0,494.22706290488605,495.4085144479559,493.79156589676495,494.5879369224943
2.3400000000000016,-1.1644210773711348,0.3218088932272564,16.13275238900049,6.233483875796466,0.1877679660121725,0.0,-1.8110270627619716,-0.057860151701558796,4.713987105757674,-0.1471178610759871,0.08966654935368251,0.0,444.87147797236054,443.608808678544,447.1410888021273,443.80020369869163
2.4000000000000017,-1.2758046106831025,0.31763660604540517,16.411978239658687,6.232617098058768,0.19337720348094045,0.0,-1.9022590266799437,-0.0812671733639068,4.593856672023889,-0.17924910814302503,0.0830854124928304,0.0,391.324791916435,390.7190861760881,391.16483366027444,388.1329110760579
2.4600000000000017,-1.393902847635565,0.31173339625912627,16.689824529648565,6.2266436187181995,0.20001866971698057,0.0,-2.0349335808057574,-0.11603611884390949,4.667080185007716,-0.2044340747990034,0.09603414898556835,0.0,453.4123294451686,454.45772119242827,457.1597439769747,455.1149687599606
2.520000000000002,-1.5202360537711497,0.30356492645321775,16.97268050742763,6.214717139719614,0.206829063256051,0.0,-2.17679849895914,-0.157415553194579,4.760674418371607,-0.19913997744323259,0.08355338071706822,0.0,463.89274056094996,462.91827888512756,461.85334141309846,462.2322035615928
2.580000000000002,-1.6547739602709273,0.2928255432765617,17.25898813419606,6.204153480043077,0.21194681238787894,0.0,-2.3082598166243953,-0.20150468950972608,4.782488480868535,-0.18739480658554966,0.078612981619795,0.0,441.178510825987,440.7758455620744,441.72127222172867,442.65153605119235
2.640000000000002,-1.7971963869990595,0.27929177182463644,17.54603468000097,6.193140959065243,0.21950171961829223,0.0,-2.439838165485821,-0.25055152356540544,4.785301505766226,-0.19399822311704323,0.05891885671491055,0.0,436.5372256919299,434.89464384144634,437.2902471927612,436.7040754543857
2.700000000000002,-1.948050279774903,0.2624689013040636,17.835014437095477,6.186324741923485,0.22317373790769057,0.0,-2.5889350465827143,-0.310836647426368,4.846747884172571,-0.1711104067548617,0.06194547480623213,0.0,456.0131163180984,456.25728992163107,455.26579273747416,457.06098591411427
2.760000000000002,-2.109241306581036,0.24143988765528962,18.13296364184581,6.19393617554614,0.24715027208700313,0.0,-2.7866439575872235,-0.389045563111051,5.082835314960102,-0.12597778758629397,0.11006657122411877,0.0,509.3833461808214,512.8175476444372,507.2130013751783,510.42466781009284
2.820000000000002,-2.280839350228785,0.21656196950061227,18.43719268655125,6.187055575814263,0.25382436239140826,0.0,-2.9338850890536987,-0.44075732143488305,5.057793353931637,-0.13627864066786896,0.10572688969323099,0.0,433.74654071831037,433.3925845011239,434.11602835348697,433.2348441369658
2.880000000000002,-2.4606577515460746,0.18874112629843978,18.737051312300114,6.179305935468779,0.26023543277340355,0.0,-3.0606653518703566,-0.4871646653749992,4.937630818849759,-0.13022063934763262,0.10761432196423117,0.0,401.1796838911343,401.36230385462636,400.97449139502345,401.5058442902357
2.940000000000002,-2.6494655802188003,0.1575285306752734,19.034406299257036,6.17148528266431,0.26670956558736325,0.0,-3.2334890230701285,-0.5539090702744071,4.973479190461103,-0.1306783133293733,0.10453894880199846,0.0,454.68169266177176,454.44488508187254,453.9198656518882,453.8679366131347
3.000000000000002,-2.847991941399652,0.12250229637297626,19.330994276778856,6.166042754587425,0.2737213356943933,0.0,-3.384698845760905,-0.6140216656005901,4.912550897694932,-0.14888575566956827,0.09384232869653601,0.0,423.41038907239715,422.4983488524611,425.0092781466905,423.42722060810297
3.0600000000000023,-3.055707258844479,0.0837830349473277,19.62382363513784,6.157178534779778,0.28200911769832615,0.0,-3.5398631306162054,-0.6772827420977812,4.848113116080159,-0.1469701042255059,0.11053891193993569,0.0,422.71529048929034,424.1609926224584,422.47633184774264,422.61963908084226
3.1200000000000023,-3.272820673260203,0.04117917597473579,19.91249092315352,6.153784891673958,0.29311804690620047,0.0,-3.6981660220355805,-0.7430859210504083,4.773793296994028,-0.12262911122757772,0.13254660859008288,0.0,419.2142148501159,421.1359443054095,419.49016026922266,421.5798777237605
3.1800000000000024,-3.49979386067586,-0.0054979245708951146,20.197166283411534,6.146667973047606,0.30677561161103917,0.0,-3.868702888953736,-0.8133128107779597,4.714792848619119,-0.11832161371594642,0.15753754185182484,0.0,424.9783109112463,427.1348569540535,427.04967009911746,427.4031022727034
3.2400000000000024,-3.7385956399760647,-0.05706804489509914,20.48247725538876,6.143270876507151,0.31623410200948676,0.0,-4.092141820879698,-0.9058441763819711,4.794332946889326,-0.1406341750398757,0.15485628753928016,0.0,474.3117141124368,474.12726409147575,473.92244494471134,472.19063768451736
3.3000000000000025,-3.992059426130604,-0.11469994960620737,20.775612855093605,6.138123094675429,0.32551524533312914,0.0,-4.3573614645606,-1.0155244929932812,4.974930408956288,-0.1617417820589047,0.1541182798193755,0.0,507.6142538107431,507.58060867369954,507.15028833164007,505.6141091749379
3.3600000000000025,-4.259216532924834,-0.17797057049419693,21.07228005510854,6.130133650498017,0.33815886550846663,0.0,-4.5488854798603775,-1.0940179880980112,4.9132456971443395,-0.17733907648247033,0.17314157328057264,0.0,433.14397685427423,434.7663659806511,434.91158608837657,433.5755158701169
3.4200000000000026,-4.539044277973948,-0.2464665576073486,21.367713203306547,6.121800626976476,0.359176890492237,0.0,-4.780408141462812,-1.189667998171891,4.932787474846126,-0.19522326295848566,0.1362055805398556,0.0,464.3776981338374,461.49428995046986,464.66574640823853,463.2302613084838
3.4800000000000026,-4.831920012202803,-0.3203145502322542,21.66097187919997,6.112199436301054,0.37172539098597035,0.0,-4.9831282742639775,-1.272551989118929,4.841745745390558,-0.18045873104267857,0.11205737599039417,0.0,430.60518734619245,428.57271725291145,428.7333410286936,429.9496673578924
3.5400000000000027,-5.139507280851254,-0.40022794346642016,21.954510560501806,6.118254163882714,0.385352533465122,0.0,-5.270778317146984,-1.390346253641604,4.941032953516195,-0.1366341704055535,0.13966432288597197,0.0,493.6890426796415,495.73390713575117,492.002624432001,495.21398001777993
3.6000000000000028,-5.463480576051158,-0.4866269034784411,22.250984200994065,6.1113321360708355,0.402250412444471,0.0,-5.529597996144009,-1.4899727209091975,4.939701982257648,-0.12540263720611902,0.10646967743281492,0.0,467.9856756367081,465.4084860570901,465.38241338908756,466.2455610493094
3.660000000000003,-5.802660671970364,-0.5788580911833265,22.545802583989637,6.103924202032207,0.40862664532458837,0.0,-5.776933325134196,-1.584863137248904,4.886656811897571,-0.12268058722200872,0.10535789699553498,0.0,451.32496327048335,451.2448672503168,453.15370484134115,453.35877886902927
3.720000000000003,-6.15598894826482,-0.6765255767286342,22.835423375897186,6.102906602869261,0.4184423669224753,0.0,-6.00150292937674,-1.6707333794726789,4.7667801060529165,-0.09626557524550189,0.12466939504033928,0.0,429.7871099949568,431.43275470325887,430.15225174660833,432.37200267664525
3.780000000000003,-6.524760736668665,-0.780081080772473,23.121697277561644,6.09779563062337,0.4270425545287031,0.0,-6.291449418776289,-1.7813337553240403,4.774142113084517,-0.08845301534634753,0.1351238070501813,0.0,476.839881293274,477.6518035956937,475.0795946644517,475.67159593861606
3.840000000000003,-6.910102291732097,-0.88992967329743,23.406076118824853,6.09374063514108,0.4351689907450762,0.0,-6.5539186854668205,-1.8804521147276307,4.704104032081886,-0.07733674700793959,0.13199340778326252,0.0,453.98497702739803,453.74982469185284,452.9450877806733,453.83271026895414
3.900000000000003,-7.309179375923153,-1.004870372523202,23.681510203181595,6.096165509875121,0.44831205479066494,0.0,-6.74975841836476,-1.9507791447532596,4.476902464922021,-0.10767920570754423,0.15585753118881576,0.0,396.7393704482588,398.94589935287564,399.5105210379672,396.7259187690836
3.960000000000003,-7.724218688392536,-1.1255599562512586,23.951355791399678,6.091255677752898,0.46296844046243724,0.0,-7.085748234343824,-2.07226913183727,4.515528296769842,-0.09518490368010472,0.17991577605062706,0.0,492.7140671675893,494.51262029502954,493.04340348784564,493.95770575238123
4.020000000000002,-8.157589875838607,-1.252778072753583,24.219127027889538,6.088726256050629,0.47474680565889926,0.0,-7.360819836127019,-2.16831556334738,4.408939017684413,-0.11596212640944772,0.1677851470773343,0.0,449.66184847294454,448.70725772266707,450.8058203387038,449.11435278777077
4.080000000000001,-8.607981182951738,-1.3858949879686757,24.480902659779797,6.083244306941335,0.4860260649624015,0.0,-7.653002190437262,-2.2690769271185594,4.315437378371402,-0.13052461733002257,0.15446380764537768,0.0,457.02082374151536,455.98218629219986,458.6612015611278,457.49011681400077
4.14,-9.074540098503533,-1.5245266922137173,24.733973109441582,6.075928713238387,0.49532935538260414,0.0,-7.8998387307602185,-2.3523234371463717,4.1195396794877865,-0.13968464684329407,0.15087576414068815,0.0,423.05949781964375,422.77381834149867,423.6024403982861,422.79630186917836
4.199999999999998,-9.557678710675455,-1.6688309565231074,24.978013174737644,6.068661837002402,0.5046972275677568,0.0,-8.205438708608197,-2.45810353807632,4.013613834270703,-0.12926029552414556,0.1434072890813092,0.0,459.24620327294025,458.6731650810772,457.373178942477,458.18636445927723
4.259999999999997,-10.05817407234222,-1.8190996776699626,25.21340086399978,6.061853799632878,0.5209389597859948,0.0,-8.478776928449673,-2.5510317830465925,3.831178274566986,-0.1197302528902138,0.11190927382092274,0.0,436.98880677962546,434.3711134077238,432.4166677591713,433.2040756646399
4.319999999999996,-10.575268216816541,-1.9749818390318654,25.43756495540446,6.055055407155347,0.5295774892627652,0.0,-8.758497161313386,-2.645294427740415,3.6399233544987224,-0.12783703575141203,0.09546659723468925,0.0,434.2613970436901,432.88974383184586,435.2770514155896,434.5839196900465
4.379999999999995,-11.10870343167856,-2.1363354884855696,25.649042578601122,6.049927971158738,0.5383804805524735,0.0,-9.023590124961714,-2.7333593045283893,3.408548371282336,-0.11152852298967365,0.1135127859741776,0.0,421.0887260031983,422.65704379149446,419.92799282580575,421.32633905926554
4.439999999999993,-11.659523030368073,-2.3035135748050766,25.848575492778536,6.0439498273158705,0.5457239738022306,0.0,-9.337731030762951,-2.839418755339883,3.241219913350903,-0.10339810676509735,0.12039713896632057,0.0,448.42643228990823,448.9973490004349,447.4542418861387,448.1055324563899
4.499999999999992,-12.229909567810497,-2.4773122572297424,26.038721893536042,6.039263708611429,0.5535529080165569,0.0,-9.675756724527805,-2.953914016698188,3.0953698996095995,-0.09104980580943983,0.1278018364942281,0.0,459.24173505106415,459.8420116045093,459.40375145112483,460.37402782467376
4.559999999999991,-12.820669389652481,-2.6579633225428956,26.219737150505388,6.039440934198369,0.5612390585080371,0.0,-10.016905877849538,-3.06754677406478,2.9369512427690982,-0.06620676499765725,0.12850016937772452,0.0,459.0362571135503,459.1060855149379,458.077109531278,460.04371180655846
4.6199999999999894,-13.433996812469687,-2.8461291298833236,26.393916961869603,6.036847187940953,0.5764948067991158,0.0,-10.427875376130176,-3.204229868014488,2.8659504883111846,-0.05448892462992438,0.15741454301855554,0.0,494.3286112464364,496.470940286049,493.9253720901704,494.7866992193633
4.679999999999988,-14.070363283483037,-3.041764833814248,26.560648880978516,6.033566707072614,0.5908316671264888,0.0,-10.785045612962612,-3.31673650458994,2.689485514432481,-0.05536782612855688,0.18047205831065538,0.0,462.86751926087754,464.7039732716783,464.69674221417006,464.6259547845053
4.739999999999987,-14.727606417347978,-3.243845695958402,26.715328480154458,6.032148249003214,0.6028594701459902,0.0,-11.123868749736747,-3.41905839137893,2.4646697357676293,-0.07172978749287291,0.16721350918864744,0.0,452.0366904195547,450.99595723715595,452.2246890262989,450.9017035614815
4.799999999999986,-15.40859784812417,-3.4531876310342375,26.86071573376544,6.032517941095726,0.6128858117594671,0.0,-11.57605157176254,-3.558360091156968,2.3785421499831623,-0.09664226730410654,0.16682872901980095,0.0,507.0924912367215,507.08775043229895,508.37481035580953,506.58167954042483
4.859999999999984,-16.112524979731678,-3.669277406846792,26.994497646510467,6.029134876391071,0.6262852528232647,0.0,-11.889143429086957,-3.6445383637387927,2.0792253434663457,-0.11491038115990193,0.18583173335032524,0.0,433.7668589678376,435.38999579573533,435.2143471723619,433.6724984233512
4.919999999999983,-16.83504878093413,-3.890378347184982,27.109477064264997,6.032618617593446,0.6374515951025055,0.0,-12.196158954465474,-3.7252529356728528,1.7521766792505455,-0.08080035794046443,0.18647861425000403,0.0,426.967656613502,427.05800111893353,426.3210178288363,429.21709126338214
4.979999999999982,-17.57646754245336,-4.116355418788188,27.204863514039786,6.02781198553696,0.6580531388839113,0.0,-12.518557969875175,-3.807100371067816,1.424991928291964,-0.0845322660935353,0.21890733079000635,0.0,430.0813265628529,432.8597635358462,432.4841306720916,432.1638845126798
5.0399999999999805,-18.337405547768537,-4.347205948456252,27.280170732959363,6.02455208074268,0.671739930009295,0.0,-12.84698069410383,-3.8877627660698466,1.0833513953069829,-0.10052759767782314,0.22593538385597725,0.0,431.8319105679078,432.47460017417814,433.0027457362431,431.64738548352227
